runs	nb_step	PROINPA_MST.Satisfaction	PROINPA_MST.Influence	PROINPA_MST.Aim	SEEDS_PROD.Satisfaction	SEEDS_PROD.Influence	SEEDS_PROD.Aim	SEEDS_IMP.Satisfaction	SEEDS_IMP.Influence	SEEDS_IMP.Aim	POTAT_PROD.Satisfaction	POTAT_PROD.Influence	POTAT_PROD.Aim	STATE.Satisfaction	STATE.Influence	STATE.Aim	MAFIA_MARKET.Satisfaction	MAFIA_MARKET.Influence	MAFIA_MARKET.Aim	PREBASIC_S.State	CERTIFIED_S.State	IMPORTED_S.State	POTATOES.State	RECYCLED_S.State	SUPPORT_N.State	MANIPUL_M.State
0	13354.0	14.48	44.81	14.48	29.71	40.38	29.71	57.58	39.9	57.58	50.34	102.09	50.34	75.12	11.43	75.12	44.81	27.99	44.81	10.0	-0.3	10.0	5.2	0.7	-2.5	9.6
1	11316.0	6.39	44.81	6.39	21.44	48.19	21.44	56.57	39.18	56.57	50.14	95.3	50.14	73.73	-4.05	73.73	45.86	29.3	45.86	10.0	3.0	9.6	3.5	2.7	-5.5	10.0
2	14878.0	13.38	44.81	13.38	29.16	47.65	29.16	57.25	39.9	57.25	53.65	99.49	53.65	76.37	12.64	76.37	43.82	29.3	43.82	10.0	2.1	10.0	4.4	1.9	-2.3	10.0
3	32695.0	10.03	44.81	10.03	25.09	39.41	25.09	57.91	39.18	57.91	54.18	84.4	54.18	69.39	25.86	69.39	42.55	28.65	42.55	10.0	-0.5	9.7	3.5	6.0	-0.2	9.8
4	15020.0	3.94	44.81	3.94	19.94	48.16	19.94	57.01	39.9	57.01	50.99	89.94	50.99	71.61	-0.82	71.61	47.17	27.99	47.17	10.0	3.2	10.0	3.2	4.1	-4.8	9.6
5	16628.0	7.68	40.25	7.68	24.4	46.62	24.4	55.27	39.18	55.27	50.26	98.56	50.26	70.04	9.67	70.04	54.26	29.3	54.26	8.4	1.5	9.6	3.1	0.3	-2.8	10.0
6	15100.0	7.45	44.81	7.45	24.29	44.07	24.29	57.34	39.17	57.34	50.32	85.16	50.32	73.7	15.72	73.7	41.72	29.3	41.72	10.0	0.6	9.2	4.5	6.4	-1.8	10.0
7	21290.0	8.26	44.4	8.26	23.12	46.4	23.12	52.52	39.9	52.52	47.09	90.17	47.09	64.76	4.68	64.76	57.43	29.3	57.43	9.9	1.4	10.0	1.7	-0.3	-3.7	10.0
8	17453.0	9.33	43.17	9.33	26.36	42.57	26.36	54.58	38.99	54.58	46.5	98.99	46.5	73.04	6.29	73.04	51.76	29.3	51.76	9.5	0.2	8.4	4.1	1.9	-3.4	10.0
9	14092.0	5.39	44.81	5.39	21.17	48.19	21.17	56.05	39.9	56.05	51.5	90.19	51.5	70.53	4.68	70.53	49.55	29.3	49.55	10.0	2.9	10.0	2.7	3.2	-3.7	10.0
10	14984.0	18.8	44.81	18.8	31.96	46.4	31.96	52.71	39.18	52.71	54.76	99.97	54.76	71.74	20.81	71.74	50.6	28.97	50.6	10.0	1.4	9.6	3.4	0.2	-1.0	9.9
11	12393.0	5.52	44.81	5.52	18.99	46.77	18.99	54.97	39.18	54.97	50.36	92.94	50.36	72.32	-4.94	72.32	45.56	27.99	45.56	10.0	4.4	9.5	3.4	3.4	-5.7	9.6
12	12476.0	15.27	44.81	15.27	30.11	41.3	30.11	56.72	39.9	56.72	51.52	102.31	51.52	73.86	17.62	73.86	46.76	27.99	46.76	10.0	-0.1	10.0	4.8	0.6	-1.5	9.6
13	14520.0	13.25	40.53	13.25	27.24	47.87	27.24	52.29	39.9	52.29	51.24	100.05	51.24	71.75	9.67	71.75	52.11	29.3	52.11	8.5	2.3	10.0	3.4	-1.2	-2.8	10.0
14	22771.0	12.43	43.68	12.43	24.77	33.15	24.77	55.23	39.9	55.23	47.06	100.05	47.06	65.39	13.25	65.39	52.32	27.66	52.32	9.7	-1.6	10.0	3.4	-1.2	-2.2	9.5
15	17611.0	19.62	44.81	19.62	33.94	47.77	33.94	54.74	39.9	54.74	57.91	99.11	57.91	74.75	25.24	74.75	43.36	29.3	43.36	10.0	2.2	10.0	4.8	2.2	-0.3	10.0
16	15050.0	5.73	34.67	5.73	26.01	40.85	26.01	59.33	39.9	59.33	53.57	98.86	53.57	73.11	22.09	73.11	47.55	29.3	47.55	6.5	-0.2	10.0	4.8	2.3	-0.8	10.0
17	19333.0	20.75	44.81	20.75	33.99	46.16	33.99	53.84	39.18	53.84	53.03	103.33	53.03	75.55	19.53	75.55	44.59	29.3	44.59	10.0	1.3	9.6	4.6	-0.6	-1.2	10.0
18	20522.0	9.9	44.81	9.9	26.29	45.63	26.29	56.94	39.9	56.94	53.35	94.28	53.35	72.63	15.72	72.63	48.2	29.3	48.2	10.0	1.1	10.0	3.8	3.4	-1.8	10.0
19	16466.0	18.22	42.91	18.22	31.35	48.14	31.35	54.25	39.9	54.25	53.12	102.94	53.12	77.08	12.03	77.08	43.94	29.3	43.94	9.4	2.7	10.0	4.4	-0.2	-2.4	10.0
20	15934.0	8.79	44.81	8.79	23.96	42.57	23.96	57.15	39.9	57.15	46.02	101.21	46.02	70.54	2.6	70.54	51.53	29.3	51.53	10.0	0.2	10.0	3.6	-0.4	-4.1	10.0
21	16711.0	9.28	44.81	9.28	26.14	42.16	26.14	58.38	39.9	58.38	51.99	91.68	51.99	73.49	16.98	73.49	42.1	29.3	42.1	10.0	0.1	10.0	4.9	4.7	-1.6	10.0
22	24634.0	8.17	42.13	8.17	25.16	44.41	25.16	56.09	39.9	56.09	53.2	92.63	53.2	69.26	15.72	69.26	51.96	29.3	51.96	9.1	0.7	10.0	3.0	2.9	-1.8	10.0
23	25268.0	6.69	44.81	6.69	22.56	47.52	22.56	56.65	39.9	56.65	50.57	92.93	50.57	72.12	3.63	72.12	49.34	29.3	49.34	10.0	2.0	10.0	2.9	2.6	-3.9	10.0
24	16188.0	12.42	44.81	12.42	27.11	47.96	27.11	56.68	39.9	56.68	50.7	101.67	50.7	77.7	5.21	77.7	43.36	29.3	43.36	10.0	2.4	10.0	5.0	1.0	-3.6	10.0
25	16056.0	16.86	44.81	16.86	31.46	46.16	31.46	55.34	39.9	55.34	54.06	101.02	54.06	75.46	19.53	75.46	45.42	29.3	45.42	10.0	1.3	10.0	4.2	1.0	-1.2	10.0
26	19072.0	12.48	44.81	12.48	26.26	48.18	26.26	53.24	39.9	53.24	55.4	91.77	55.4	71.5	17.62	71.5	45.78	26.32	45.78	10.0	2.8	10.0	3.0	3.2	-1.5	9.1
27	14269.0	21.87	44.81	21.87	34.95	47.37	34.95	51.51	39.9	51.51	60.9	93.55	60.9	69.49	29.45	69.49	47.05	28.65	47.05	10.0	1.9	10.0	3.2	2.9	0.4	9.8
28	13898.0	10.01	43.68	10.01	24.32	48.19	24.32	56.97	39.9	56.97	52.67	96.79	52.67	76.71	5.74	76.71	43.32	29.3	43.32	9.7	3.0	10.0	3.8	2.5	-3.5	10.0
29	12985.0	11.2	44.81	11.2	27.8	43.72	27.8	58.97	39.9	58.97	51.1	100.03	51.1	75.28	13.25	75.28	44.48	27.99	44.48	10.0	0.5	10.0	5.1	1.8	-2.2	9.6
30	15869.0	6.17	44.81	6.17	23.55	47.52	23.55	59.08	39.9	59.08	50.57	94.49	50.57	75.55	1.6	75.55	44.04	29.3	44.04	10.0	2.0	10.0	4.0	3.5	-4.3	10.0
31	14311.0	10.81	43.17	10.81	24.06	47.52	24.06	52.15	39.9	52.15	46.95	96.29	46.95	66.59	0.13	66.59	54.28	29.3	54.28	9.5	2.0	10.0	2.6	-1.1	-4.6	10.0
32	11328.0	16.09	44.81	16.09	28.37	47.37	28.37	51.98	39.9	51.98	49.98	99.3	49.98	70.34	8.52	70.34	51.98	29.3	51.98	10.0	1.9	10.0	3.4	-1.5	-3.0	10.0
33	24400.0	0.49	41.34	0.49	18.22	48.14	18.22	57.06	39.9	57.06	49.53	94.68	49.53	70.38	-4.94	70.38	50.57	29.3	50.57	8.8	2.7	10.0	3.1	2.3	-5.7	10.0
34	12482.0	4.01	44.81	4.01	21.35	37.86	21.35	61.38	39.59	61.38	49.07	92.18	49.07	72.35	6.84	72.35	44.87	29.3	44.87	10.0	-0.8	9.9	4.1	4.3	-3.3	10.0
35	17765.0	13.3	44.81	13.3	25.06	27.57	25.06	57.39	39.9	57.39	48.29	103.04	48.29	68.58	18.89	68.58	49.66	29.3	49.66	10.0	-2.4	10.0	4.7	0.0	-1.3	10.0
36	19483.0	6.19	44.81	6.19	19.82	47.91	19.82	55.57	39.9	55.57	49.55	96.45	49.55	70.79	-9.74	70.79	45.47	27.32	45.47	10.0	3.6	10.0	3.4	2.1	-6.8	9.4
37	22785.0	10.77	44.81	10.77	25.13	47.96	25.13	54.85	39.9	54.85	47.92	101.86	47.92	73.15	-0.35	73.15	49.27	29.3	49.27	10.0	2.4	10.0	3.8	-0.5	-4.7	10.0
38	14275.0	18.49	44.81	18.49	32.58	40.85	32.58	55.94	39.9	55.94	53.43	102.54	53.43	72.78	23.99	72.78	43.62	25.99	43.62	10.0	-0.2	10.0	5.2	0.4	-0.5	9.0
39	19928.0	11.81	44.81	11.81	27.96	44.41	27.96	56.57	39.9	56.57	54.9	93.24	54.9	71.71	16.98	71.71	47.45	29.3	47.45	10.0	0.7	10.0	3.4	3.3	-1.6	10.0
40	21370.0	10.36	43.68	10.36	26.03	48.04	26.03	54.06	39.18	54.06	55.42	84.91	55.42	68.97	19.53	68.97	50.87	29.3	50.87	9.7	2.5	9.7	2.2	3.9	-1.2	10.0
41	16371.0	14.88	44.81	14.88	28.45	46.83	28.45	53.03	39.9	53.03	51.7	99.26	51.7	70.68	11.43	70.68	52.86	28.32	52.86	10.0	1.6	10.0	3.2	0.1	-2.5	9.7
42	18062.0	9.72	41.61	9.72	27.58	46.4	27.58	57.45	39.9	57.45	56.3	89.49	56.3	74.17	20.17	74.17	43.14	29.3	43.14	8.9	1.4	10.0	4.7	5.3	-1.1	10.0
43	24177.0	11.51	44.81	11.51	26.16	36.76	26.16	57.63	39.9	57.63	48.87	102.05	48.87	71.28	14.48	71.28	48.81	28.65	48.81	10.0	-1.0	10.0	4.6	0.7	-2.0	9.8
44	13060.0	13.31	44.81	13.31	28.92	40.85	28.92	57.27	39.9	57.27	55.42	94.19	55.42	70.66	24.62	70.66	45.47	29.3	45.47	10.0	-0.2	10.0	4.0	3.6	-0.4	10.0
45	14496.0	15.38	43.43	15.38	32.08	45.35	32.08	56.29	39.15	56.29	51.85	97.53	51.85	76.45	16.98	76.45	40.92	29.3	40.92	9.6	1.0	9.1	5.9	2.4	-1.6	10.0
46	13503.0	15.2	44.81	15.2	25.51	48.16	25.51	49.86	39.9	49.86	49.11	97.79	49.11	67.44	4.15	67.44	50.81	27.32	50.81	10.0	3.2	10.0	2.9	-1.2	-3.8	9.4
47	11016.0	18.61	44.81	18.61	33.48	47.02	33.48	55.56	39.18	55.56	56.79	98.31	56.79	76.17	25.24	76.17	41.12	29.3	41.12	10.0	1.7	9.6	4.7	2.5	-0.3	10.0
48	15287.0	9.79	44.81	9.79	24.82	48.18	24.82	56.93	39.9	56.93	52.43	97.04	52.43	76.2	7.39	76.2	44.2	29.3	44.2	10.0	2.8	10.0	4.0	2.6	-3.2	10.0
49	15393.0	9.69	44.81	9.69	25.97	47.52	25.97	57.92	39.29	57.92	51.51	98.97	51.51	75.67	4.68	75.67	45.76	29.3	45.76	10.0	2.0	9.8	3.9	1.7	-3.7	10.0
50	12101.0	10.83	44.81	10.83	26.5	45.05	26.5	56.84	39.9	56.84	49.65	99.47	49.65	73.08	6.84	73.08	47.7	27.32	47.7	10.0	0.9	10.0	3.6	1.0	-3.3	9.4
51	46212.0	14.31	44.81	14.31	28.12	39.9	28.12	56.5	39.9	56.5	49.87	102.29	49.87	71.13	15.72	71.13	49.59	28.32	49.59	10.0	-0.4	10.0	4.0	-0.3	-1.8	9.7
52	14219.0	16.85	36.81	16.85	33.25	44.07	33.25	51.37	39.9	51.37	58.45	101.78	58.45	67.54	31.67	67.54	48.66	22.23	48.66	7.2	0.6	10.0	4.1	0.4	0.8	7.9
53	17403.0	12.99	40.25	12.99	27.05	47.96	27.05	51.08	39.9	51.08	54.33	94.37	54.33	69.44	17.62	69.44	55.25	29.3	55.25	8.4	2.4	10.0	2.3	0.0	-1.5	10.0
54	16429.0	24.86	44.81	24.86	37.8	45.35	37.8	52.2	39.9	52.2	59.99	99.43	59.99	71.1	30.58	71.1	46.06	29.3	46.06	10.0	1.0	10.0	4.1	1.7	0.6	10.0
55	16104.0	10.45	44.81	10.45	24.7	48.14	24.7	55.16	39.9	55.16	51.75	99.11	51.75	73.29	6.29	73.29	48.12	29.3	48.12	10.0	2.7	10.0	3.6	1.2	-3.4	10.0
56	12868.0	17.22	44.81	17.22	31.07	41.3	31.07	53.97	39.9	53.97	52.93	101.17	52.93	70.38	19.53	70.38	50.89	29.3	50.89	10.0	-0.1	10.0	4.1	0.8	-1.2	10.0
57	20648.0	11.72	44.81	11.72	26.11	48.16	26.11	57.49	39.9	57.49	49.63	101.64	49.63	78.48	0.13	78.48	40.35	29.3	40.35	10.0	3.2	10.0	5.1	1.0	-4.6	10.0
58	19233.0	17.58	44.81	17.58	31.08	47.2	31.08	54.32	39.59	54.32	49.04	102.49	49.04	75.21	11.43	75.21	44.84	29.3	44.84	10.0	1.8	9.9	4.8	-1.4	-2.5	10.0
59	18389.0	22.41	43.99	22.41	33.57	47.65	33.57	50.97	39.9	50.97	53.35	100.56	53.35	72.03	15.1	72.03	48.51	29.3	48.51	9.8	2.1	10.0	3.6	-1.3	-1.9	10.0
60	15989.0	8.14	44.81	8.14	25.41	44.74	25.41	58.97	39.18	58.97	49.18	99.41	49.18	74.88	8.52	74.88	45.6	29.3	45.6	10.0	0.8	9.6	4.2	1.8	-3.0	10.0
61	36480.0	11.1	44.81	11.1	26.33	45.35	26.33	55.36	39.29	55.36	50.53	95.92	50.53	69.73	11.43	69.73	53.38	29.3	53.38	10.0	1.0	9.8	2.6	0.3	-2.5	10.0
62	15298.0	9.39	44.81	9.39	25.07	40.85	25.07	57.64	39.9	57.64	48.37	101.45	48.37	71.85	8.52	71.85	50.6	29.3	50.6	10.0	-0.2	10.0	3.9	0.3	-3.0	10.0
63	19487.0	2.6	44.81	2.6	20.82	44.07	20.82	59.96	39.9	59.96	48.35	94.1	48.35	72.01	0.62	72.01	47.97	29.3	47.97	10.0	0.6	10.0	3.4	3.0	-4.5	10.0
64	14374.0	1.18	44.81	1.18	18.77	47.02	18.77	56.49	39.9	56.49	47.26	88.96	47.26	64.95	-3.6	64.95	54.28	29.3	54.28	10.0	1.7	10.0	2.2	2.5	-5.4	10.0
65	13013.0	6.13	44.81	6.13	23.08	45.05	23.08	57.1	39.9	57.1	52.39	86.08	52.39	70.15	13.86	70.15	48.02	29.3	48.02	10.0	0.9	10.0	3.1	5.1	-2.1	10.0
66	13552.0	8.02	44.81	8.02	24.62	44.07	24.62	57.57	39.29	57.57	53.47	86.87	53.47	71.72	18.25	71.72	45.03	29.3	45.03	10.0	0.6	9.8	3.8	5.6	-1.4	10.0
67	22810.0	15.12	44.81	15.12	29.55	39.9	29.55	57.32	39.18	57.32	49.23	103.42	49.23	73.74	13.25	73.74	44.73	29.3	44.73	10.0	-0.4	9.7	4.8	-0.5	-2.2	10.0
68	18125.0	19.05	43.99	19.05	31.77	48.14	31.77	53.12	39.59	53.12	55.94	99.29	55.94	74.14	18.25	74.14	47.46	29.3	47.46	9.8	2.7	9.9	3.6	1.1	-1.4	10.0
69	22076.0	10.74	44.81	10.74	27.31	43.72	27.31	59.39	39.9	59.39	49.7	101.54	49.7	75.56	8.52	75.56	44.06	29.3	44.06	10.0	0.5	10.0	4.6	1.0	-3.0	10.0
70	17251.0	12.19	44.81	12.19	25.46	48.18	25.46	55.43	39.9	55.43	48.79	103.32	48.79	75.34	-4.05	75.34	45.63	28.65	45.63	10.0	3.1	10.0	4.6	-0.7	-5.5	9.8
71	13617.0	7.57	40.25	7.57	25.03	46.4	25.03	56.98	39.9	56.98	50.81	101.64	50.81	73.58	7.95	73.58	51.19	28.97	51.19	8.4	1.4	10.0	4.1	0.5	-3.1	9.9
72	15260.0	11.01	44.81	11.01	26.77	45.9	26.77	57.31	39.9	57.31	50.15	102.35	50.15	74.96	4.15	74.96	47.45	29.3	47.45	10.0	1.2	10.0	4.6	0.5	-3.8	10.0
73	12749.0	16.48	44.81	16.48	29.68	44.07	29.68	53.92	39.59	53.92	48.14	100.49	48.14	69.62	10.84	69.62	49.83	29.3	49.83	10.0	0.6	9.9	4.5	-1.9	-2.6	10.0
74	13898.0	15.02	43.99	15.02	27.66	48.14	27.66	55.18	39.9	55.18	48.86	103.29	48.86	77.2	-0.82	77.2	42.32	28.97	42.32	9.8	2.7	10.0	4.7	-0.9	-4.8	9.9
75	16496.0	10.77	44.81	10.77	26.63	45.35	26.63	56.62	39.59	56.62	52.04	96.75	52.04	73.17	9.09	73.17	49.3	29.3	49.3	10.0	1.0	9.9	3.2	1.6	-2.9	10.0
76	16385.0	22.55	42.13	22.55	36.32	42.57	36.32	53.19	39.18	53.19	53.58	102.8	53.58	73.25	23.99	73.25	43.91	29.3	43.91	9.1	0.2	9.5	5.2	0.2	-0.5	10.0
77	13601.0	18.67	42.13	18.67	29.03	47.58	29.03	52.52	39.9	52.52	55.66	102.74	55.66	78.0	13.86	78.0	42.17	29.3	42.17	9.1	3.9	10.0	4.8	0.3	-2.1	10.0
78	18226.0	20.11	42.66	20.11	33.64	44.74	33.64	52.62	39.9	52.62	53.81	103.11	53.81	71.95	20.17	71.95	49.13	29.3	49.13	9.3	0.8	10.0	4.4	-0.7	-1.1	10.0
79	14149.0	9.14	44.81	9.14	23.72	48.12	23.72	56.58	39.9	56.58	48.36	102.16	48.36	75.46	-7.57	75.46	38.44	24.97	38.44	10.0	3.3	10.0	4.8	0.7	-6.3	8.7
80	14614.0	5.33	43.68	5.33	22.48	46.83	22.48	55.6	39.12	55.6	46.92	98.16	46.92	70.38	-1.29	70.38	52.9	29.3	52.9	9.7	1.6	8.9	3.5	1.5	-4.9	10.0
81	19012.0	23.43	44.81	23.43	36.84	45.05	36.84	52.93	39.9	52.93	59.34	99.38	59.34	71.27	31.13	71.27	46.13	29.3	46.13	10.0	0.9	10.0	4.5	2.0	0.7	10.0
82	14882.0	3.21	44.81	3.21	20.66	42.57	20.66	60.05	39.9	60.05	49.92	85.43	49.92	73.55	9.09	73.55	40.28	27.32	40.28	10.0	0.2	10.0	4.4	6.3	-2.9	9.4
83	13630.0	0.85	44.81	0.85	19.43	41.3	19.43	60.91	39.9	60.91	47.68	93.67	47.68	71.56	-1.76	71.56	46.33	27.99	46.33	10.0	-0.1	10.0	3.8	3.6	-5.0	9.6
84	13786.0	8.11	38.57	8.11	27.87	43.72	27.87	56.19	38.95	56.19	50.0	96.88	50.0	76.24	17.62	76.24	43.99	27.99	43.99	7.8	0.5	8.3	5.7	2.8	-1.5	9.6
85	12610.0	-3.36	39.14	-3.36	17.44	47.52	17.44	60.48	39.9	60.48	47.49	98.22	47.49	72.18	-11.47	72.18	45.23	27.66	45.23	8.0	2.0	10.0	4.2	2.3	-7.2	9.5
86	42345.0	10.45	40.8	10.45	23.54	26.05	23.54	58.51	39.9	58.51	51.86	99.84	51.86	66.69	22.09	66.69	49.6	29.3	49.6	8.6	-2.6	10.0	4.2	1.6	-0.8	10.0
87	12641.0	10.02	44.81	10.02	25.71	48.14	25.71	57.29	39.18	57.29	51.93	97.05	51.93	76.16	7.39	76.16	45.29	29.3	45.29	10.0	2.7	9.6	3.8	2.4	-3.2	10.0
88	18459.0	2.54	39.98	2.54	21.46	47.52	21.46	58.7	39.9	58.7	49.63	98.52	49.63	74.77	1.6	74.77	44.12	25.31	44.12	8.3	2.0	10.0	4.1	2.1	-4.3	8.8
89	20012.0	11.67	44.81	11.67	27.88	42.16	27.88	56.82	39.18	56.82	52.0	96.64	52.0	72.09	19.53	72.09	47.97	27.99	47.97	10.0	0.1	9.6	4.2	2.9	-1.2	9.6
90	16572.0	0.33	44.81	0.33	18.62	44.74	18.62	59.3	39.9	59.3	45.07	96.92	45.07	63.61	-18.14	63.61	49.29	29.3	49.29	10.0	0.8	10.0	3.4	1.9	-8.7	10.0
91	16282.0	14.24	42.66	14.24	26.64	48.12	26.64	54.52	39.9	54.52	54.6	98.97	54.6	76.37	9.09	76.37	44.76	29.3	44.76	9.3	3.3	10.0	3.9	1.7	-2.9	10.0
92	18110.0	14.14	44.81	14.14	30.29	41.73	30.29	57.85	39.9	57.85	51.79	101.11	51.79	75.92	18.25	75.92	43.31	29.3	43.31	10.0	0.0	10.0	5.0	1.3	-1.4	10.0
93	17862.0	11.11	44.81	11.11	27.88	38.39	27.88	57.44	39.17	57.44	50.59	94.57	50.59	73.96	16.98	73.96	43.96	29.3	43.96	10.0	-0.7	9.2	4.7	3.8	-1.6	10.0
94	29356.0	-0.53	44.81	-0.53	18.22	45.63	18.22	59.98	39.9	59.98	47.13	90.75	47.13	68.9	-8.87	68.9	48.12	29.3	48.12	10.0	1.1	10.0	3.1	3.7	-6.6	10.0
95	18235.0	16.71	44.81	16.71	31.33	42.97	31.33	56.55	39.9	56.55	49.93	103.27	49.93	76.18	10.84	76.18	43.27	29.3	43.27	10.0	0.3	10.0	5.2	-0.3	-2.6	10.0
96	13822.0	8.9	43.99	8.9	25.69	43.35	25.69	58.68	39.9	58.68	50.37	99.43	50.37	73.61	8.52	73.61	45.4	25.99	45.4	9.8	0.4	10.0	4.1	1.7	-3.0	9.0
97	12340.0	13.49	44.81	13.49	28.12	48.14	28.12	55.23	39.18	55.23	53.77	97.54	53.77	74.91	10.25	74.91	46.54	29.3	46.54	10.0	2.7	9.5	3.8	2.2	-2.7	10.0
98	16001.0	7.14	44.81	7.14	23.67	46.62	23.67	57.98	39.59	57.98	47.54	100.57	47.54	74.0	-2.68	74.0	46.42	29.3	46.42	10.0	1.5	9.9	4.4	1.4	-5.2	10.0
99	16914.0	7.35	42.66	7.35	23.84	47.77	23.84	57.06	39.18	57.06	49.13	101.79	49.13	75.45	1.11	75.45	47.1	29.3	47.1	9.3	2.2	9.4	4.5	0.8	-4.4	10.0
